<?xml version="1.0"?>
<opencv_storage>
<camera_matrix type_id="opencv-matrix">
  <rows>3</rows>
  <cols>3</cols>
  <dt>d</dt>
  <data>
    1.4252177285450148e+03 0. 6.8807214430546060e+02 0.
    1.4241192508067147e+03 3.7048814676432352e+02 0. 0. 1.</data></camera_matrix>
<object_points>
  <_>
    0. 0. 0. 1. 0. 0. 2. 0. 0. 3. 0. 0. 4. 0. 0. 5. 0. 0. 6. 0. 0. 7. 0.
    0. 8. 0. 0. 0. 1. 0. 1. 1. 0. 2. 1. 0. 3. 1. 0. 4. 1. 0. 5. 1. 0. 6.
    1. 0. 7. 1. 0. 8. 1. 0. 0. 2. 0. 1. 2. 0. 2. 2. 0. 3. 2. 0. 4. 2. 0.
    5. 2. 0. 6. 2. 0. 7. 2. 0. 8. 2. 0. 0. 3. 0. 1. 3. 0. 2. 3. 0. 3. 3.
    0. 4. 3. 0. 5. 3. 0. 6. 3. 0. 7. 3. 0. 8. 3. 0. 0. 4. 0. 1. 4. 0. 2.
    4. 0. 3. 4. 0. 4. 4. 0. 5. 4. 0. 6. 4. 0. 7. 4. 0. 8. 4. 0. 0. 5. 0.
    1. 5. 0. 2. 5. 0. 3. 5. 0. 4. 5. 0. 5. 5. 0. 6. 5. 0. 7. 5. 0. 8. 5.
    0.</_>
  <_>
    0. 0. 0. 1. 0. 0. 2. 0. 0. 3. 0. 0. 4. 0. 0. 5. 0. 0. 6. 0. 0. 7. 0.
    0. 8. 0. 0. 0. 1. 0. 1. 1. 0. 2. 1. 0. 3. 1. 0. 4. 1. 0. 5. 1. 0. 6.
    1. 0. 7. 1. 0. 8. 1. 0. 0. 2. 0. 1. 2. 0. 2. 2. 0. 3. 2. 0. 4. 2. 0.
    5. 2. 0. 6. 2. 0. 7. 2. 0. 8. 2. 0. 0. 3. 0. 1. 3. 0. 2. 3. 0. 3. 3.
    0. 4. 3. 0. 5. 3. 0. 6. 3. 0. 7. 3. 0. 8. 3. 0. 0. 4. 0. 1. 4. 0. 2.
    4. 0. 3. 4. 0. 4. 4. 0. 5. 4. 0. 6. 4. 0. 7. 4. 0. 8. 4. 0. 0. 5. 0.
    1. 5. 0. 2. 5. 0. 3. 5. 0. 4. 5. 0. 5. 5. 0. 6. 5. 0. 7. 5. 0. 8. 5.
    0.</_>
  <_>
    0. 0. 0. 1. 0. 0. 2. 0. 0. 3. 0. 0. 4. 0. 0. 5. 0. 0. 6. 0. 0. 7. 0.
    0. 8. 0. 0. 0. 1. 0. 1. 1. 0. 2. 1. 0. 3. 1. 0. 4. 1. 0. 5. 1. 0. 6.
    1. 0. 7. 1. 0. 8. 1. 0. 0. 2. 0. 1. 2. 0. 2. 2. 0. 3. 2. 0. 4. 2. 0.
    5. 2. 0. 6. 2. 0. 7. 2. 0. 8. 2. 0. 0. 3. 0. 1. 3. 0. 2. 3. 0. 3. 3.
    0. 4. 3. 0. 5. 3. 0. 6. 3. 0. 7. 3. 0. 8. 3. 0. 0. 4. 0. 1. 4. 0. 2.
    4. 0. 3. 4. 0. 4. 4. 0. 5. 4. 0. 6. 4. 0. 7. 4. 0. 8. 4. 0. 0. 5. 0.
    1. 5. 0. 2. 5. 0. 3. 5. 0. 4. 5. 0. 5. 5. 0. 6. 5. 0. 7. 5. 0. 8. 5.
    0.</_>
  <_>
    0. 0. 0. 1. 0. 0. 2. 0. 0. 3. 0. 0. 4. 0. 0. 5. 0. 0. 6. 0. 0. 7. 0.
    0. 8. 0. 0. 0. 1. 0. 1. 1. 0. 2. 1. 0. 3. 1. 0. 4. 1. 0. 5. 1. 0. 6.
    1. 0. 7. 1. 0. 8. 1. 0. 0. 2. 0. 1. 2. 0. 2. 2. 0. 3. 2. 0. 4. 2. 0.
    5. 2. 0. 6. 2. 0. 7. 2. 0. 8. 2. 0. 0. 3. 0. 1. 3. 0. 2. 3. 0. 3. 3.
    0. 4. 3. 0. 5. 3. 0. 6. 3. 0. 7. 3. 0. 8. 3. 0. 0. 4. 0. 1. 4. 0. 2.
    4. 0. 3. 4. 0. 4. 4. 0. 5. 4. 0. 6. 4. 0. 7. 4. 0. 8. 4. 0. 0. 5. 0.
    1. 5. 0. 2. 5. 0. 3. 5. 0. 4. 5. 0. 5. 5. 0. 6. 5. 0. 7. 5. 0. 8. 5.
    0.</_>
  <_>
    0. 0. 0. 1. 0. 0. 2. 0. 0. 3. 0. 0. 4. 0. 0. 5. 0. 0. 6. 0. 0. 7. 0.
    0. 8. 0. 0. 0. 1. 0. 1. 1. 0. 2. 1. 0. 3. 1. 0. 4. 1. 0. 5. 1. 0. 6.
    1. 0. 7. 1. 0. 8. 1. 0. 0. 2. 0. 1. 2. 0. 2. 2. 0. 3. 2. 0. 4. 2. 0.
    5. 2. 0. 6. 2. 0. 7. 2. 0. 8. 2. 0. 0. 3. 0. 1. 3. 0. 2. 3. 0. 3. 3.
    0. 4. 3. 0. 5. 3. 0. 6. 3. 0. 7. 3. 0. 8. 3. 0. 0. 4. 0. 1. 4. 0. 2.
    4. 0. 3. 4. 0. 4. 4. 0. 5. 4. 0. 6. 4. 0. 7. 4. 0. 8. 4. 0. 0. 5. 0.
    1. 5. 0. 2. 5. 0. 3. 5. 0. 4. 5. 0. 5. 5. 0. 6. 5. 0. 7. 5. 0. 8. 5.
    0.</_>
  <_>
    0. 0. 0. 1. 0. 0. 2. 0. 0. 3. 0. 0. 4. 0. 0. 5. 0. 0. 6. 0. 0. 7. 0.
    0. 8. 0. 0. 0. 1. 0. 1. 1. 0. 2. 1. 0. 3. 1. 0. 4. 1. 0. 5. 1. 0. 6.
    1. 0. 7. 1. 0. 8. 1. 0. 0. 2. 0. 1. 2. 0. 2. 2. 0. 3. 2. 0. 4. 2. 0.
    5. 2. 0. 6. 2. 0. 7. 2. 0. 8. 2. 0. 0. 3. 0. 1. 3. 0. 2. 3. 0. 3. 3.
    0. 4. 3. 0. 5. 3. 0. 6. 3. 0. 7. 3. 0. 8. 3. 0. 0. 4. 0. 1. 4. 0. 2.
    4. 0. 3. 4. 0. 4. 4. 0. 5. 4. 0. 6. 4. 0. 7. 4. 0. 8. 4. 0. 0. 5. 0.
    1. 5. 0. 2. 5. 0. 3. 5. 0. 4. 5. 0. 5. 5. 0. 6. 5. 0. 7. 5. 0. 8. 5.
    0.</_>
  <_>
    0. 0. 0. 1. 0. 0. 2. 0. 0. 3. 0. 0. 4. 0. 0. 5. 0. 0. 6. 0. 0. 7. 0.
    0. 8. 0. 0. 0. 1. 0. 1. 1. 0. 2. 1. 0. 3. 1. 0. 4. 1. 0. 5. 1. 0. 6.
    1. 0. 7. 1. 0. 8. 1. 0. 0. 2. 0. 1. 2. 0. 2. 2. 0. 3. 2. 0. 4. 2. 0.
    5. 2. 0. 6. 2. 0. 7. 2. 0. 8. 2. 0. 0. 3. 0. 1. 3. 0. 2. 3. 0. 3. 3.
    0. 4. 3. 0. 5. 3. 0. 6. 3. 0. 7. 3. 0. 8. 3. 0. 0. 4. 0. 1. 4. 0. 2.
    4. 0. 3. 4. 0. 4. 4. 0. 5. 4. 0. 6. 4. 0. 7. 4. 0. 8. 4. 0. 0. 5. 0.
    1. 5. 0. 2. 5. 0. 3. 5. 0. 4. 5. 0. 5. 5. 0. 6. 5. 0. 7. 5. 0. 8. 5.
    0.</_>
  <_>
    0. 0. 0. 1. 0. 0. 2. 0. 0. 3. 0. 0. 4. 0. 0. 5. 0. 0. 6. 0. 0. 7. 0.
    0. 8. 0. 0. 0. 1. 0. 1. 1. 0. 2. 1. 0. 3. 1. 0. 4. 1. 0. 5. 1. 0. 6.
    1. 0. 7. 1. 0. 8. 1. 0. 0. 2. 0. 1. 2. 0. 2. 2. 0. 3. 2. 0. 4. 2. 0.
    5. 2. 0. 6. 2. 0. 7. 2. 0. 8. 2. 0. 0. 3. 0. 1. 3. 0. 2. 3. 0. 3. 3.
    0. 4. 3. 0. 5. 3. 0. 6. 3. 0. 7. 3. 0. 8. 3. 0. 0. 4. 0. 1. 4. 0. 2.
    4. 0. 3. 4. 0. 4. 4. 0. 5. 4. 0. 6. 4. 0. 7. 4. 0. 8. 4. 0. 0. 5. 0.
    1. 5. 0. 2. 5. 0. 3. 5. 0. 4. 5. 0. 5. 5. 0. 6. 5. 0. 7. 5. 0. 8. 5.
    0.</_>
  <_>
    0. 0. 0. 1. 0. 0. 2. 0. 0. 3. 0. 0. 4. 0. 0. 5. 0. 0. 6. 0. 0. 7. 0.
    0. 8. 0. 0. 0. 1. 0. 1. 1. 0. 2. 1. 0. 3. 1. 0. 4. 1. 0. 5. 1. 0. 6.
    1. 0. 7. 1. 0. 8. 1. 0. 0. 2. 0. 1. 2. 0. 2. 2. 0. 3. 2. 0. 4. 2. 0.
    5. 2. 0. 6. 2. 0. 7. 2. 0. 8. 2. 0. 0. 3. 0. 1. 3. 0. 2. 3. 0. 3. 3.
    0. 4. 3. 0. 5. 3. 0. 6. 3. 0. 7. 3. 0. 8. 3. 0. 0. 4. 0. 1. 4. 0. 2.
    4. 0. 3. 4. 0. 4. 4. 0. 5. 4. 0. 6. 4. 0. 7. 4. 0. 8. 4. 0. 0. 5. 0.
    1. 5. 0. 2. 5. 0. 3. 5. 0. 4. 5. 0. 5. 5. 0. 6. 5. 0. 7. 5. 0. 8. 5.
    0.</_>
  <_>
    0. 0. 0. 1. 0. 0. 2. 0. 0. 3. 0. 0. 4. 0. 0. 5. 0. 0. 6. 0. 0. 7. 0.
    0. 8. 0. 0. 0. 1. 0. 1. 1. 0. 2. 1. 0. 3. 1. 0. 4. 1. 0. 5. 1. 0. 6.
    1. 0. 7. 1. 0. 8. 1. 0. 0. 2. 0. 1. 2. 0. 2. 2. 0. 3. 2. 0. 4. 2. 0.
    5. 2. 0. 6. 2. 0. 7. 2. 0. 8. 2. 0. 0. 3. 0. 1. 3. 0. 2. 3. 0. 3. 3.
    0. 4. 3. 0. 5. 3. 0. 6. 3. 0. 7. 3. 0. 8. 3. 0. 0. 4. 0. 1. 4. 0. 2.
    4. 0. 3. 4. 0. 4. 4. 0. 5. 4. 0. 6. 4. 0. 7. 4. 0. 8. 4. 0. 0. 5. 0.
    1. 5. 0. 2. 5. 0. 3. 5. 0. 4. 5. 0. 5. 5. 0. 6. 5. 0. 7. 5. 0. 8. 5.
    0.</_>
  <_>
    0. 0. 0. 1. 0. 0. 2. 0. 0. 3. 0. 0. 4. 0. 0. 5. 0. 0. 6. 0. 0. 7. 0.
    0. 8. 0. 0. 0. 1. 0. 1. 1. 0. 2. 1. 0. 3. 1. 0. 4. 1. 0. 5. 1. 0. 6.
    1. 0. 7. 1. 0. 8. 1. 0. 0. 2. 0. 1. 2. 0. 2. 2. 0. 3. 2. 0. 4. 2. 0.
    5. 2. 0. 6. 2. 0. 7. 2. 0. 8. 2. 0. 0. 3. 0. 1. 3. 0. 2. 3. 0. 3. 3.
    0. 4. 3. 0. 5. 3. 0. 6. 3. 0. 7. 3. 0. 8. 3. 0. 0. 4. 0. 1. 4. 0. 2.
    4. 0. 3. 4. 0. 4. 4. 0. 5. 4. 0. 6. 4. 0. 7. 4. 0. 8. 4. 0. 0. 5. 0.
    1. 5. 0. 2. 5. 0. 3. 5. 0. 4. 5. 0. 5. 5. 0. 6. 5. 0. 7. 5. 0. 8. 5.
    0.</_>
  <_>
    0. 0. 0. 1. 0. 0. 2. 0. 0. 3. 0. 0. 4. 0. 0. 5. 0. 0. 6. 0. 0. 7. 0.
    0. 8. 0. 0. 0. 1. 0. 1. 1. 0. 2. 1. 0. 3. 1. 0. 4. 1. 0. 5. 1. 0. 6.
    1. 0. 7. 1. 0. 8. 1. 0. 0. 2. 0. 1. 2. 0. 2. 2. 0. 3. 2. 0. 4. 2. 0.
    5. 2. 0. 6. 2. 0. 7. 2. 0. 8. 2. 0. 0. 3. 0. 1. 3. 0. 2. 3. 0. 3. 3.
    0. 4. 3. 0. 5. 3. 0. 6. 3. 0. 7. 3. 0. 8. 3. 0. 0. 4. 0. 1. 4. 0. 2.
    4. 0. 3. 4. 0. 4. 4. 0. 5. 4. 0. 6. 4. 0. 7. 4. 0. 8. 4. 0. 0. 5. 0.
    1. 5. 0. 2. 5. 0. 3. 5. 0. 4. 5. 0. 5. 5. 0. 6. 5. 0. 7. 5. 0. 8. 5.
    0.</_>
  <_>
    0. 0. 0. 1. 0. 0. 2. 0. 0. 3. 0. 0. 4. 0. 0. 5. 0. 0. 6. 0. 0. 7. 0.
    0. 8. 0. 0. 0. 1. 0. 1. 1. 0. 2. 1. 0. 3. 1. 0. 4. 1. 0. 5. 1. 0. 6.
    1. 0. 7. 1. 0. 8. 1. 0. 0. 2. 0. 1. 2. 0. 2. 2. 0. 3. 2. 0. 4. 2. 0.
    5. 2. 0. 6. 2. 0. 7. 2. 0. 8. 2. 0. 0. 3. 0. 1. 3. 0. 2. 3. 0. 3. 3.
    0. 4. 3. 0. 5. 3. 0. 6. 3. 0. 7. 3. 0. 8. 3. 0. 0. 4. 0. 1. 4. 0. 2.
    4. 0. 3. 4. 0. 4. 4. 0. 5. 4. 0. 6. 4. 0. 7. 4. 0. 8. 4. 0. 0. 5. 0.
    1. 5. 0. 2. 5. 0. 3. 5. 0. 4. 5. 0. 5. 5. 0. 6. 5. 0. 7. 5. 0. 8. 5.
    0.</_></object_points>
