<?xml version="1.0"?>
<opencv_storage>
<calibration_time>"Tue Feb 11 12:31:39 2020"</calibration_time>
<nr_of_frames>25</nr_of_frames>
<image_width>640</image_width>
<image_height>480</image_height>
<board_width>9</board_width>
<board_height>6</board_height>
<square_size>50.</square_size>
<fix_aspect_ratio>1.</fix_aspect_ratio>
<!-- flags: +fix_aspectRatio +fix_principal_point +zero_tangent_dist +fix_k4 +fix_k5 -->
<flags>6158</flags>
<fisheye_model>0</fisheye_model>
<camera_matrix type_id="opencv-matrix">
  <rows>3</rows>
  <cols>3</cols>
  <dt>d</dt>
  <data>
    7.2833084284333529e+02 0. 320. 0. 7.2833084284333529e+02 240. 0. 0.
    1.</data></camera_matrix>
<distortion_coefficients type_id="opencv-matrix">
  <rows>5</rows>
  <cols>1</cols>
  <dt>d</dt>
  <data>
    2.9214125762198201e-01 -2.2711703403967585e+00 0. 0.
    1.0006620160816226e+01</data></distortion_coefficients>
<avg_reprojection_error>5.8047944326169587e-01</avg_reprojection_error>
<per_view_reprojection_errors type_id="opencv-matrix">
  <rows>25</rows>
  <cols>1</cols>
  <dt>f</dt>
  <data>
    4.84852105e-01 6.91082597e-01 5.81071019e-01 4.66123700e-01
    6.43538296e-01 5.39193571e-01 5.86185277e-01 6.31274223e-01
    6.26298547e-01 5.80189764e-01 5.52103281e-01 6.53860152e-01
    5.98840654e-01 5.66535950e-01 5.71614742e-01 4.94793683e-01
    6.53100431e-01 5.76916397e-01 4.99235928e-01 5.02746999e-01
    6.48159862e-01 5.03614724e-01 6.93204820e-01 5.09472966e-01
    5.67247450e-01</data></per_view_reprojection_errors>
<!-- a set of 6-tuples (rotation vector + translation vector) for each view -->
<extrinsic_parameters type_id="opencv-matrix">
  <rows>25</rows>
  <cols>6</cols>
  <dt>d</dt>
  <data>
    -5.3611023196255783e-02 -5.9539647131354276e-02
    1.5921613933050371e+00 4.1710934706282700e+01
    -2.2656401444624078e+02 8.3175145284135465e+02
    -7.2305694501825613e-02 -6.4427393110975034e-02
    1.5881357870497224e+00 3.3018197941955350e+01
    -2.1886510987593658e+02 8.3474877020808640e+02
    -6.3870975821010534e-02 -6.3703524901722236e-02
    1.5906582319336620e+00 3.4015455603929055e+01
    -2.1923185001233574e+02 8.3255338570032745e+02
    -5.9134219191936753e-02 -5.2369199555552394e-02
    1.5945053347892231e+00 3.5816690251830920e+01
    -2.2214131925949030e+02 8.3036024945834265e+02
    -6.4590588515589797e-02 -6.2601886259916112e-02
    1.5878416485871238e+00 3.7278094360419857e+01
    -2.2513090048395770e+02 8.3167428876959298e+02
    -5.4283459788989609e-02 -6.1718222979927122e-02
    1.5908465702992967e+00 3.7766850155789456e+01
    -2.2698471989859280e+02 8.2740712707111459e+02
    -5.8974049489540735e-02 -6.1484187964072200e-02
    1.5910211089576121e+00 3.8119715938234734e+01
    -2.2754170069294327e+02 8.3271439256176211e+02
    -6.2836494280418015e-02 -6.2376492212232321e-02
    1.5913085038120296e+00 3.6317391204732118e+01
    -2.2709670999440203e+02 8.3342728323450172e+02
    -6.1477538998850112e-02 -5.7465261148610329e-02
    1.5910611375420598e+00 3.8371120772691597e+01
    -2.2879393079661648e+02 8.3150666222679558e+02
    -5.8743942844344511e-02 -6.0397318171533682e-02
    1.5910708271023231e+00 3.8419309479035100e+01
    -2.2802517499394534e+02 8.3032047996310394e+02
    -5.5841444565758833e-02 -6.1916755029022878e-02
    1.5930614410661565e+00 3.8088786173146069e+01
    -2.2833172224953228e+02 8.2961655287860026e+02
    -5.9052663393665494e-02 -6.3048713655596167e-02
    1.5917790890267085e+00 3.8926767745759570e+01
    -2.2837696785218313e+02 8.3238480311441492e+02
    -5.9394658736849272e-02 -6.3933885890901862e-02
    1.5908654751522779e+00 3.7836381235822543e+01
    -2.2903534325550405e+02 8.3019577950053394e+02
    -5.8896248046738972e-02 -6.2586452729414058e-02
    1.5941244589081252e+00 3.7525527168223299e+01
    -2.3006951789518229e+02 8.3086047435239664e+02
    -5.7430651239715372e-02 -6.2753331528254144e-02
    1.5934226306902055e+00 3.7225227070008614e+01
    -2.2960604120590162e+02 8.3012711833156516e+02
    -5.8453301869701803e-02 -5.7750554006903765e-02
    1.5953352518342765e+00 3.6545557651666506e+01
    -2.2929348661233232e+02 8.2931701235872833e+02
    -6.2305488500355978e-02 -6.5131905161603901e-02
    1.5906090097489729e+00 3.6572536108400534e+01
    -2.3046549768833259e+02 8.3235765595945475e+02
    -5.5908889218599100e-02 -6.4796652402796265e-02
    1.5943637233423178e+00 3.4956234197470607e+01
    -2.2946514798286927e+02 8.2969109425062481e+02
    -5.6984304521706858e-02 -5.8268283931314210e-02
    1.5957777520679892e+00 3.4926264686841577e+01
    -2.2905120200552096e+02 8.3025565343546077e+02
    -5.8101656085038554e-02 -5.9039894300613245e-02
    1.5966569370100334e+00 3.4003631382141883e+01
    -2.2877942075159038e+02 8.3011330552625770e+02
    -6.2793733202043886e-02 -6.4883308733532388e-02
    1.5936525062365778e+00 3.3096533823934145e+01
    -2.2970286337446274e+02 8.3136176470275348e+02
    -5.4296418669207168e-02 -5.4846651756532659e-02
    1.5992827443954327e+00 3.0979637472990149e+01
    -2.2722062311988583e+02 8.2817660848314256e+02
    -6.4665734317788617e-02 -6.2612515295244989e-02
    1.5931453110239269e+00 3.1534006425555265e+01
    -2.3094685085663210e+02 8.3007892460271717e+02
    -5.7473434578353147e-02 -5.2056909078811803e-02
    1.5988095542058374e+00 3.2103458999377075e+01
    -2.3092854066287683e+02 8.2810507427987204e+02
    -5.8101524140178593e-02 -6.1135563796447037e-02
    1.5976539749234022e+00 3.1270854495624057e+01
    -2.2983394019435320e+02 8.2644469938933435e+02</data></extrinsic_parameters>
